646.969697
642.8181818
643.6969697
641.5757576
637.3939394
634.7575758
633
629.969697
626.9090909
624.8484848
623.5454545
621.2424242
619.5454545
618.1515152
615.4848485
613.8484848
613.1212121
611.6666667
610.8484848
608.5757576
606.9090909
605.4242424
603.3030303
601.0606061
600.030303
598.5151515
598.3636364
598.6666667
598.2727273
596.1515152
594.1818182
595.0909091
594.2121212
593.6666667
591.4242424
592.1818182
590.1515152
590.2727273
590.1212121
590.7272727
590.3939394
591.2121212
591.9090909
593.2424242
592.1515152
593.1212121
592.7878788
594.6060606
596.6666667
600.2121212
602.6363636
605.1515152
605.8181818
606.5151515
607.6666667
610.7272727
612.6060606
614.6969697
619.6969697
621.8787879
626.4242424
631.5454545
639.0909091
645.4848485
649.3030303
651.3333333
655.0606061
660.6666667
664.9090909
668.6969697
673.2121212
678.8484848
685.5454545
696.2727273
708.8484848
716.8787879
725.1818182
731.030303
734.3333333
741.8484848
749.8484848
754.3030303
758.2727273
760.5454545
764.8484848
769.6060606
776.0909091
778.8787879
780.8787879
779.5151515
778.2121212
779.2727273
777.7575758
776.0606061
775.8181818
775.9393939
772.5151515
773.0909091
772.969697
772.4242424
770.5454545
770.969697
768.7272727
766.6363636
765.3333333
764.3030303
763.2727273
761.0909091
758.969697
757.5454545
757.030303
753.4545455
753
754
752.3333333
750.8787879
749.5454545
747.4242424
745.6969697
744.8181818
742.969697
742.8484848
741.7575758
739.9393939
738.9090909
738.2121212
736.1818182
734.6363636
730.8484848
730.030303
729.8181818
726.4242424
724.5454545
722.9393939
721.9090909
721.1515152
719.0606061
717.9090909
716.5151515
717.7878788
716.4545455
715.1818182
717.3030303
716.2424242
715.3636364
714.3333333
714.7575758
715.9393939
715.5151515
715.4242424
715.3636364
715.5454545
717.4242424
717.4242424
720.1818182
719.6363636
720.030303
720.1515152
718.969697
719.1818182
719.3636364
720.8484848
721.4545455
721
721.9090909
722.7878788
724.7878788
728.030303
729.4848485
727.8787879
730.3636364
731.2727273
732.5454545
731.969697
730.3030303
732.2424242
732.5151515
731.3636364
733.2727273
735.8181818
738.1515152
739.3939394
741.3636364
740.7575758
742.0909091
744.8484848
745.2121212
745.7878788
746.8787879
749.969697
751.9393939
754.0909091
754.3333333
751.4848485
751.6363636
755.1818182
758.9090909
761.3939394
765.5757576
768.9090909
773.8787879
778.969697
784.5757576
789.9090909
797
804.2424242
812.5757576
820.4242424
829.0909091
836.3030303
841.4848485
845.3333333
849.1515152
851.4545455
854.030303
856.6666667
855.6666667
854.3333333
852.5454545
851.8484848
850.6969697
850.3333333
849.1818182
848.7878788
848.2121212
847.030303
845.5757576
844.5757576
841.9393939
840.1818182
838.6060606
837.4545455
837.3333333
835.5151515
834.4242424
832.8181818
831.8181818
828.7272727
827.0909091
826.0606061
825.4242424
822.5151515
820.6060606
818.9393939
815
814.6060606
811.2727273
808.7878788
804.3636364
801.0909091
797.7272727
795.5757576
793.8181818
789.9090909
786.3030303
781.3939394
780.0606061
775.9393939
771.5757576
766.5151515
763
757.6363636
751.1212121
747.4545455
744.4242424
738.0909091
733
730.6969697
727.0606061
722.6060606
717.8181818
712.2727273
706.9393939
701.5454545
696.969697
691.9393939
685.3939394
683.1212121
682.5151515
678.5757576
675.3636364
671.6363636
666.6363636
663.7272727
658.7272727
655.9090909
652.030303
648.030303